099099000990000009990000000000000000990000000000000000000000000000990
000000000000907009000000000000000000990000000000000000000000000000000
000000000000099990000000000000000000990000000000000000000000060000000
000000000000000000000000000000000000990000000000000000000000030000000
900000000000000000000000000000000000990000000000000000000000030000000
900000000000000000000000000000000000990000000000000011111111130000000
000000000000000000000000000000000000990000000000000030000000000000000
000000000000000000000000000000000009000000000000000030000000000000000
000000000000000000000000000000000090000005555555555545555555500000090
000000000000000000000000000000000090000005555555555545555555500000090
000000000000000000000000000000000009900005555555555545555555500000090
900000000000000000000000000000000000099005555555555545555555509907990
900000000000000000000000000000000000000990000000000030000000000099000
000000000000000000000000000000000000000000000000000030000000000000000
000000000000000000000000000000000000000000000000000030000000000000000
000000000000000000000000001111111111111111111111111130000000000000009
000000000000000000000000003000000000000000000000000000000000000000009
000000000000000000000000003000000000000000000000000000000000000000000
000000000000000000000000003000000000000000000000000000000000000000000
900000000000031111111111113000000000000000000000000000000000000000000
900000000000030000000000000000000000000000000000000000000000000000000
000000000000030000000000000000000000000000000000000000000000000000009
000000000000030000000000000000000000000000000000000000000000000000009
000000800000030000000000000000000000000000000000000000000000000000000
A11111111111110000000000000000000000000000000000000000000000000000000
000000000000000000000000000000000000000000000000000000000000000000000
000000000000000000000000000000000000000000000000000000000000000000000
900000000000000000000000000000000000000000000000000000000000000000009
900000000000000000000000000000000000000000000000000000000000000000009
099000000000990000000099000000009900000000990000000099000000000000990